160,112,61,93,0.0161594
153,110,61,93,0.109838
146,106,61,93,0.106668
139,101,61,93,0.131397
134,94,61,93,0.100432
129,90,61,93,0.0998885
125,87,61,93,0.101898
127,88,61,93,0.101613
122,91,61,93,0.100621
119,98,61,93,0.101033
116,101,61,93,0.100644
113,104,61,93,0.100832
107,106,61,93,0.0998481
101,105,61,93,0.100966
95,104,61,93,0.100487
89,100,61,93,0.101509
90,96,61,93,0.0992862
90,92,61,93,0.10193
92,92,61,93,0.0991352
97,93,61,93,0.100044
102,96,61,93,0.100592
104,100,61,93,0.100258
105,102,61,93,0.100853
109,102,61,93,0.101382
115,102,61,93,0.101538
119,103,61,93,0.102054
124,99,61,93,0.100932
129,93,61,93,0.100944
130,86,61,93,0.10844
137,79,61,93,0.102835
130,72,61,93,0.104021
126,74,61,93,0.10084
132,76,61,93,0.101204
132,81,61,93,0.100779
135,81,61,93,0.100657
136,85,61,93,0.100005
134,80,61,93,0.101406
140,74,61,93,0.102452
139,69,61,93,0.0996737
140,62,61,93,0.0998393
145,55,61,93,0.10156
150,49,61,93,0.102405
152,50,61,93,0.0995545
159,48,61,93,0.102177
164,46,61,93,0.099479
166,48,61,93,0.0997459
164,47,61,93,0.0987991
164,47,61,93,0.0992657
163,49,61,93,0.0991264
166,46,61,93,0.09942
167,46,61,93,0.0977995
171,53,61,93,0.0984703
176,51,61,93,0.100959
175,50,61,93,0.100379
181,46,61,93,0.100701
180,52,61,93,0.0984754
178,46,61,93,0.101599
173,48,61,93,0.0997305
171,50,61,93,0.0992881
178,53,61,93,0.0998404
183,51,61,93,0.10078
186,47,61,93,0.100481
191,48,61,93,0.0990542
195,46,61,93,0.100423
195,48,61,93,0.098345
193,50,61,93,0.0992536
190,55,61,93,0.100082
183,58,61,93,0.102315
176,56,61,93,0.102518
169,56,61,93,0.10266
162,51,61,93,0.101083
157,48,61,93,0.100641
156,49,61,93,0.0992496
158,50,61,93,0.100661
160,52,61,93,0.100151
167,55,61,93,0.100495
160,57,61,93,0.102301
157,54,61,93,0.101311
151,51,61,93,0.103281
149,53,61,93,0.101014
145,56,61,93,0.100422
138,53,61,93,0.0990502
140,50,61,93,0.102338
144,46,61,93,0.099869
148,46,61,93,0.0990872
142,48,61,93,0.100035
146,52,61,93,0.0995311
143,54,61,93,0.100973
138,56,61,93,0.100499
145,53,61,93,0.101658
148,51,61,93,0.0998174
146,56,61,93,0.0998503
148,56,61,93,0.0999149
148,53,61,93,0.0995117
150,50,61,93,0.10009
151,48,61,93,0.0988761
150,47,61,93,0.0993647
152,46,61,93,0.0975814
155,53,61,93,0.0988123
159,59,61,93,0.108729
153,62,61,93,0.10206
150,67,61,93,0.102108
157,67,61,93,0.100802
152,63,61,93,0.100182
148,65,61,93,0.101034
150,71,61,93,0.0999614
143,78,61,93,0.101267
139,72,61,93,0.101759
135,67,61,93,0.100378
128,74,61,93,0.101109
127,74,61,93,0.105683
122,67,61,93,0.139439
121,67,61,93,0.104464
117,66,61,93,0.102963
113,64,61,93,0.102795
109,58,61,93,0.105054
102,56,61,93,0.10387
98,61,61,93,0.102379
93,66,61,93,0.104931
86,72,61,93,0.104565
80,74,61,93,0.102013
73,68,61,93,0.104347
66,62,61,93,0.0994622
66,55,61,93,0.10114
61,50,61,93,0.10225
54,51,61,93,0.111929
47,50,61,93,0.101257
40,48,61,93,0.101248
36,46,61,93,0.099858
33,46,61,93,0.0981646
30,46,61,93,0.0981287
30,46,61,93,0.0965104
30,46,61,93,0.0962549
30,46,61,93,0.0960185
30,46,61,93,0.09698
30,46,61,93,0.0953173
30,46,61,93,0.0967494
30,46,61,93,0.0952085
30,46,61,93,0.0956556
30,46,61,93,0.0986866
30,46,61,93,0.0953082
30,46,61,93,0.0959991
30,46,61,93,0.0958616
32,46,61,93,0.0969488
30,46,61,93,0.0962718
30,46,61,93,0.0992573
30,46,61,93,0.0950578
31,46,61,93,0.0949365
30,46,61,93,0.0981544
30,46,61,93,0.0981272
30,46,61,93,0.0920789
30,46,61,93,0.0931247
30,46,61,93,0.0924715
31,46,61,93,0.0916002
30,46,61,93,0.094354
30,46,61,93,0.0931426
30,46,61,93,0.0950457
37,46,61,93,0.0936668
30,46,61,93,0.104886
30,46,61,93,0.0948009
33,46,61,93,0.10017
35,46,61,93,0.0971379
33,46,61,93,0.0939893
30,46,61,93,0.0950981
30,46,61,93,0.0959892
37,46,61,93,0.101304
44,46,61,93,0.0957605
41,46,61,93,0.0982357
34,46,61,93,0.0954016
30,46,61,93,0.0982119
30,46,61,93,0.0958198
31,46,61,93,0.0952235
30,46,61,93,0.107915
30,46,61,93,0.0990887
30,46,61,93,0.0951472
30,46,61,93,0.0967853
30,46,61,93,0.101711
30,46,61,93,0.0948251
30,46,61,93,0.099295
30,46,61,93,0.10523
30,46,61,93,0.0963682
30,46,61,93,0.0958869
30,46,61,93,0.107269
30,46,61,93,0.0940744
30,46,61,93,0.0942903
30,46,61,93,0.0964397
30,46,61,93,0.0961842
30,46,61,93,0.0940418
30,46,61,93,0.0948991
37,46,61,93,0.098066
41,46,61,93,0.0965782
48,46,61,93,0.0969745
52,46,61,93,0.0961336
58,46,61,93,0.0993277
56,46,61,93,0.098938
60,46,61,93,0.122573
56,46,61,93,0.0990586
60,46,61,93,0.109713
59,46,61,93,0.0998804
61,46,61,93,0.10025
60,50,61,93,0.101966
58,50,61,93,0.101956
62,54,61,93,0.10197
66,54,61,93,0.103547
68,55,61,93,0.102772
73,58,61,93,0.101657
80,52,61,93,0.102148
84,48,61,93,0.101377
87,46,61,93,0.099913
92,46,61,93,0.0999658
99,46,61,93,0.0993104
100,48,61,93,0.10131
104,52,61,93,0.101409
107,57,61,93,0.101246
106,59,61,93,0.101251
107,59,61,93,0.101674
104,59,61,93,0.102159
109,60,61,93,0.101636
110,60,61,93,0.101989
115,61,61,93,0.100431
122,56,61,93,0.101794
127,60,61,93,0.102319
134,58,61,93,0.102055
139,59,61,93,0.102223
143,60,61,93,0.102793
150,64,61,93,0.102325
157,60,61,93,0.100663
152,62,61,93,0.102967
155,63,61,93,0.101791
157,60,61,93,0.102204
155,57,61,93,0.102417
154,55,61,93,0.102433
159,56,61,93,0.103262
166,49,61,93,0.101046
173,46,61,93,0.101498
173,47,61,93,0.0999918
178,46,61,93,0.0996931
181,47,61,93,0.100254
175,52,61,93,0.0998995
173,50,61,93,0.102556
173,48,61,93,0.108483
166,54,61,93,0.100087
159,61,61,93,0.100512
155,64,61,93,0.101403
151,64,61,93,0.102239
156,60,61,93,0.101746
158,62,61,93,0.102417
158,68,61,93,0.101195
161,71,61,93,0.103896
161,77,61,93,0.101349
161,78,61,93,0.100523
162,82,61,93,0.101578
159,80,61,93,0.101421
161,74,61,93,0.100872
165,67,61,93,0.10396
170,67,61,93,0.102194
169,65,61,93,0.102219
172,68,61,93,0.102098
172,73,61,93,0.102423
170,75,61,93,0.101582
169,78,61,93,0.102031
166,78,61,93,0.101867
166,84,61,93,0.101981
167,77,61,93,0.101131
167,77,61,93,0.102074
169,79,61,93,0.104525
164,79,61,93,0.101773
158,79,61,93,0.102373
156,81,61,93,0.100824
149,86,61,93,0.101192
145,86,61,93,0.101344
147,92,61,93,0.101112
140,93,61,93,0.101537
137,93,61,93,0.102504
141,92,61,93,0.102607
142,90,61,93,0.101726
144,83,61,93,0.101926
148,84,61,93,0.102929
150,90,61,93,0.10053
154,96,61,93,0.101919
151,98,61,93,0.101819
157,99,61,93,0.102589
160,92,61,93,0.103786
162,91,61,93,0.102981
164,88,61,93,0.103615
171,84,61,93,0.101332
178,86,61,93,0.104248
184,83,61,93,0.110481
184,84,61,93,0.105577
184,85,61,93,0.104647
183,87,61,93,0.104187
184,91,61,93,0.102657
187,91,61,93,0.10513
191,91,61,93,0.10432
191,89,61,93,0.108429
184,95,61,93,0.105016
182,91,61,93,0.104338
175,85,61,93,0.10343
172,90,61,93,0.104636
171,91,61,93,0.101909
171,91,61,93,0.10095
171,92,61,93,0.109668
172,85,61,93,0.1027
165,78,61,93,0.101415
166,75,61,93,0.102097
167,77,61,93,0.102348
168,79,61,93,0.100878
170,82,61,93,0.102665
164,87,61,93,0.103184
161,91,61,93,0.101504
164,95,61,93,0.101704
163,98,61,93,0.100904
162,102,61,93,0.101251
158,101,61,93,0.101999
158,96,61,93,0.101419
155,94,61,93,0.101634
156,92,61,93,0.101986
160,87,61,93,0.10182
160,89,61,93,0.101992
157,86,61,93,0.101199
158,87,61,93,0.101152
160,88,61,93,0.101073
167,87,61,93,0.102305
172,80,61,93,0.101528
174,77,61,93,0.101819
175,71,61,93,0.10165
174,69,61,93,0.100893
172,63,61,93,0.101231
170,56,61,93,0.102723
171,52,61,93,0.101578
172,55,61,93,0.101941
168,59,61,93,0.102174
164,60,61,93,0.102556
161,63,61,93,0.102758
156,63,61,93,0.100515
150,62,61,93,0.101216
149,62,61,93,0.100758
147,61,61,93,0.100976
141,64,61,93,0.0998207
136,61,61,93,0.106486
141,63,61,93,0.102601
143,67,61,93,0.101335
147,73,61,93,0.10052
150,78,61,93,0.101716
154,84,61,93,0.101044
158,82,61,93,0.10192
158,82,61,93,0.101103
155,87,61,93,0.101154
158,90,61,93,0.102032
165,97,61,93,0.10006
160,98,61,93,0.101194
153,97,61,93,0.103324
148,101,61,93,0.101281
150,103,61,93,0.101223
144,102,61,93,0.103448
138,101,61,93,0.101072
131,98,61,93,0.102479
127,97,61,93,0.102475
124,98,61,93,0.100827
124,95,61,93,0.101274
126,93,61,93,0.102506
122,95,61,93,0.109017
125,102,61,93,0.102205
128,101,61,93,0.10244
127,94,61,93,0.106107
131,101,61,93,0.103543
136,108,61,93,0.1017
142,101,61,93,0.10378
142,101,61,93,0.101799
147,94,61,93,0.100961
148,91,61,93,0.101782
150,89,61,93,0.106465
151,87,61,93,0.107135
148,94,61,93,0.10952
142,96,61,93,0.10355
139,99,61,93,0.103662
134,97,61,93,0.102936
127,97,61,93,0.102064
120,95,61,93,0.102009
113,93,61,93,0.102436
106,92,61,93,0.101475
99,91,61,93,0.101232
92,91,61,93,0.10484
85,91,61,93,0.101843
79,87,61,93,0.103039
77,86,61,93,0.103825
76,87,61,93,0.101947
73,89,61,93,0.103316
73,90,61,93,0.101286
74,90,61,93,0.102073
74,89,61,93,0.102153
74,87,61,93,0.102348
73,86,61,93,0.101114
71,85,61,93,0.101989
69,86,61,93,0.101309
64,85,61,93,0.103265
62,87,61,93,0.10083
62,87,61,93,0.102107
60,90,61,93,0.107482
57,90,61,93,0.109848
54,91,61,93,0.104853
49,90,61,93,0.102221
44,87,61,93,0.101182
39,93,61,93,0.101069
36,91,61,93,0.101827
30,89,61,93,0.102956
33,90,61,93,0.100326
33,94,61,93,0.101514
34,98,61,93,0.109702
33,101,61,93,0.103143
31,102,61,93,0.100717
31,100,61,93,0.101544
32,99,61,93,0.100543
31,97,61,93,0.101093
31,96,61,93,0.100464
30,94,61,93,0.0994024
32,93,61,93,0.100619
30,94,61,93,0.100369
30,95,61,93,0.100399
30,98,61,93,0.0993445
30,101,61,93,0.104435
30,103,61,93,0.102928
30,96,61,93,0.104003
30,91,61,93,0.103006
32,84,61,93,0.10311
30,77,61,93,0.103066
30,76,61,93,0.100289
30,73,61,93,0.0989388
30,67,61,93,0.0994963
30,68,61,93,0.0992276
30,68,61,93,0.103461
30,67,61,93,0.0991414
30,64,61,93,0.0985858
30,67,61,93,0.0972629
30,63,61,93,0.0983647
30,62,61,93,0.0996414
30,62,61,93,0.106012
30,62,61,93,0.100544
30,58,61,93,0.097039
30,58,61,93,0.0982621
30,60,61,93,0.0985092
30,64,61,93,0.0973285
30,71,61,93,0.0960548
30,64,61,93,0.0977625
30,64,61,93,0.0974301
30,66,61,93,0.0944336
30,70,61,93,0.0936979
30,63,61,93,0.0933244
30,58,61,93,0.0937859
30,53,61,93,0.0936323
30,58,61,93,0.0923813
30,53,61,93,0.0928926
30,55,61,93,0.0963088
30,60,61,93,0.0948243
30,63,61,93,0.0941228
30,62,61,93,0.093574
30,64,61,93,0.09272
30,69,61,93,0.0938119
30,66,61,93,0.093077
30,65,61,93,0.093242
30,64,61,93,0.0952502
30,61,61,93,0.0944255
