293,283,95,115,0.0304922
294,286,95,115,0.355994
295,288,95,115,0.351762
296,289,95,115,0.35384
299,291,95,115,0.355041
301,293,95,115,0.35685
302,293,95,115,0.359162
301,293,95,115,0.357301
302,293,95,115,7.3363
303,293,95,115,0.353965
306,292,95,115,0.348553
308,291,95,115,0.349465
312,290,95,115,0.345774
315,288,95,115,0.347373
318,287,95,115,0.346813
318,286,95,115,0.34749
319,283,95,115,0.352171
325,278,95,115,0.346894
332,280,95,115,0.346908
325,280,95,115,0.347685
319,274,95,115,0.346791
321,267,95,115,0.349946
328,260,95,115,0.347657
335,254,95,115,0.347896
342,252,95,115,0.34961
349,257,95,115,0.347236
355,260,95,115,0.347328
361,260,95,115,0.348454
354,267,95,115,0.347417
347,269,95,115,0.347562
340,262,95,115,0.347928
338,256,95,115,0.347307
331,254,95,115,0.350733
338,251,95,115,0.348141
344,254,95,115,0.347136
350,258,95,115,0.348835
355,265,95,115,0.348514
362,272,95,115,0.347059
355,278,95,115,0.34813
362,285,95,115,0.348047
355,278,95,115,0.352939
356,273,95,115,0.356615
349,266,95,115,0.349912
342,261,95,115,0.351295
348,254,95,115,0.355634
352,257,95,115,0.355736
359,264,95,115,0.354888
359,268,95,115,0.355954
352,268,95,115,0.359552
345,261,95,115,0.356927
338,254,95,115,0.355077
340,249,95,115,0.353237
347,250,95,115,0.353553
354,255,95,115,0.355652
361,262,95,115,0.354857
364,259,95,115,0.357279
371,260,95,115,0.357332
364,255,95,115,0.348466
371,262,95,115,0.348975
374,268,95,115,0.346221
371,266,95,115,0.347334
377,259,95,115,0.348071
370,260,95,115,0.345535
363,253,95,115,0.347641
356,260,95,115,0.347013
349,266,95,115,0.348778
349,271,95,115,0.348307
345,272,95,115,0.347137
338,269,95,115,0.353211
331,263,95,115,0.348185
328,263,95,115,0.347938
325,263,95,115,0.348022
318,269,95,115,0.347557
311,274,95,115,0.346845
304,272,95,115,0.348201
297,272,95,115,0.348783
298,267,95,115,0.345812
294,260,95,115,0.346283
299,253,95,115,0.346075
306,260,95,115,0.348891
313,267,95,115,0.349213
311,274,95,115,0.34748
304,281,95,115,0.352457
300,286,95,115,0.347992
293,279,95,115,0.347878
289,272,95,115,0.348436
294,271,95,115,0.348029
301,278,95,115,0.347044
308,285,95,115,0.346504
315,292,95,115,0.347865
308,297,95,115,0.3472
302,304,95,115,0.347708
298,297,95,115,0.348647
305,291,95,115,0.347703
312,284,95,115,0.34936
319,291,95,115,0.350059
326,287,95,115,0.347227
321,294,95,115,0.351855
328,292,95,115,0.34651
321,299,95,115,0.348447
314,297,95,115,0.346928
307,304,95,115,0.348328
300,310,95,115,0.351204
298,305,95,115,0.346493
301,301,95,115,0.346222
308,294,95,115,0.347805
306,287,95,115,0.346723
308,280,95,115,0.351797
302,273,95,115,0.348471
302,266,95,115,0.347693
308,266,95,115,0.34751
315,260,95,115,0.348417
321,253,95,115,0.346653
328,248,95,115,0.350453
335,244,95,115,0.347752
337,238,95,115,0.346666
344,245,95,115,0.347527
337,238,95,115,0.346164
340,232,95,115,0.348772
345,239,95,115,0.347505
346,245,95,115,0.3507
353,251,95,115,0.357083
346,248,95,115,0.355876
339,248,95,115,0.354821
346,253,95,115,0.359618
353,256,95,115,0.354931
359,254,95,115,0.353514
353,247,95,115,0.354223
352,240,95,115,0.35931
346,240,95,115,0.354256
353,246,95,115,0.356266
360,253,95,115,0.358805
367,250,95,115,0.355236
363,251,95,115,0.356057
356,257,95,115,0.349412
350,253,95,115,0.346655
352,246,95,115,0.345613
345,239,95,115,0.349197
339,245,95,115,0.346538
342,246,95,115,0.346884
335,239,95,115,0.347545
336,240,95,115,0.346175
339,246,95,115,0.348031
338,241,95,115,0.346328
341,248,95,115,0.354488
348,255,95,115,0.357719
346,261,95,115,0.349882
341,267,95,115,0.348958
339,261,95,115,0.350805
346,254,95,115,0.347396
344,248,95,115,0.346884
341,241,95,115,0.348572
334,247,95,115,0.348576
341,245,95,115,0.348716
348,252,95,115,0.348575
355,259,95,115,0.34688
359,263,95,115,0.348959
353,256,95,115,0.347175
350,249,95,115,0.350603
343,242,95,115,0.349408
345,245,95,115,0.346661
341,244,95,115,0.348986
335,250,95,115,0.347451
340,257,95,115,0.346569
346,263,95,115,0.349497
352,265,95,115,0.348056
358,258,95,115,0.346667
356,252,95,115,0.34766
351,245,95,115,0.347608
347,246,95,115,0.346587
352,251,95,115,0.346686
359,258,95,115,0.348858
353,265,95,115,0.34636
352,272,95,115,0.354092
347,279,95,115,0.350368
340,286,95,115,0.349013
334,293,95,115,0.348943
327,300,95,115,0.348723
321,307,95,115,0.350011
314,302,95,115,0.347686
308,307,95,115,0.346392
301,308,95,115,0.347313
294,314,95,115,0.348278
293,309,95,115,0.348797
294,310,95,115,0.34769
294,316,95,115,0.347814
299,319,95,115,0.347628
303,318,95,115,0.348786
310,322,95,115,0.348494
305,315,95,115,0.351084
310,308,95,115,0.357663
308,313,95,115,0.354219
311,320,95,115,0.3555
310,324,95,115,0.354302
305,317,95,115,0.35128
311,310,95,115,0.353009
304,308,95,115,0.352442
306,301,95,115,0.354453
313,299,95,115,0.352252
307,295,95,115,0.35228
304,295,95,115,0.353984
297,288,95,115,0.355735
296,285,95,115,0.357634
293,291,95,115,0.346461
300,286,95,115,0.345385
296,279,95,115,0.348191
294,273,95,115,0.350367
292,271,95,115,0.349334
297,264,95,115,0.350408
295,259,95,115,0.346033
295,252,95,115,0.347148
294,245,95,115,0.346031
287,247,95,115,0.349276
285,240,95,115,0.34583
289,241,95,115,0.349173
294,234,95,115,0.348107
301,234,95,115,0.347029
308,230,95,115,0.34755
315,237,95,115,0.347287
322,244,95,115,0.349281
315,249,95,115,0.347608
310,249,95,115,0.34805
303,256,95,115,0.348304
310,249,95,115,0.347671
316,256,95,115,0.346606
320,249,95,115,0.347925
327,255,95,115,0.34698
334,260,95,115,0.348296
341,260,95,115,0.347869
334,255,95,115,0.347006
329,256,95,115,0.346968
328,259,95,115,0.353078
326,252,95,115,0.353326
332,251,95,115,0.354984
335,244,95,115,0.347711
338,243,95,115,0.345774
332,250,95,115,0.348785
339,255,95,115,0.348098
332,248,95,115,0.346949
325,251,95,115,0.350005
331,258,95,115,0.349889
324,251,95,115,0.347647
329,252,95,115,0.349203
322,245,95,115,0.347961
317,244,95,115,0.347535
315,237,95,115,0.34794
319,238,95,115,0.347896
326,243,95,115,0.347546
319,244,95,115,0.347075
326,246,95,115,0.345993
324,251,95,115,0.348574
317,258,95,115,0.349652
310,258,95,115,0.348662
305,251,95,115,0.347631
298,244,95,115,0.348036
300,239,95,115,0.347544
307,242,95,115,0.349036
314,249,95,115,0.347794
320,256,95,115,0.348757
326,263,95,115,0.345948
319,264,95,115,0.346453
318,269,95,115,0.348489
317,268,95,115,0.346914
310,273,95,115,0.349266
314,266,95,115,0.347538
313,259,95,115,0.349342
314,252,95,115,0.346922
312,259,95,115,0.348414
313,266,95,115,0.346456
308,262,95,115,0.347113
308,258,95,115,0.347775
305,265,95,115,0.347097
302,265,95,115,0.34857
301,258,95,115,0.349451
308,251,95,115,0.345708
311,244,95,115,0.347602
312,239,95,115,0.345872
307,245,95,115,0.349615
314,250,95,115,0.346203
311,256,95,115,0.347386
304,250,95,115,0.345926
305,249,95,115,0.344796
301,242,95,115,0.348346
306,235,95,115,0.348823
310,238,95,115,0.347885
307,245,95,115,0.34723
310,252,95,115,0.347182
314,248,95,115,0.351523
319,241,95,115,0.351016
314,234,95,115,0.350601
311,227,95,115,0.355145
313,220,95,115,0.348552
307,214,95,115,0.34699
304,208,95,115,0.347779
311,215,95,115,0.347594
315,208,95,115,0.347738
319,215,95,115,0.346464
312,221,95,115,0.346449
319,220,95,115,0.345629
323,223,95,115,0.347927
330,218,95,115,0.347431
325,214,95,115,0.347384
320,207,95,115,0.348775
315,200,95,115,0.346742
311,197,95,115,0.346904
307,204,95,115,0.346976
300,203,95,115,0.347785
293,200,95,115,0.346954
298,207,95,115,0.346845
298,201,95,115,0.346673
299,208,95,115,0.346085
292,215,95,115,0.350512
285,222,95,115,0.345869
292,229,95,115,0.352205
295,225,95,115,0.349163
302,218,95,115,0.348294
300,212,95,115,0.347788
307,210,95,115,0.353093
314,215,95,115,0.351822
319,222,95,115,0.348856
326,229,95,115,0.347494
333,235,95,115,0.346245
336,242,95,115,0.349324
343,244,95,115,0.34606
348,244,95,115,0.348651
341,251,95,115,0.347448
338,256,95,115,0.349926
345,263,95,115,0.34607
351,256,95,115,0.346513
356,250,95,115,0.34599
363,243,95,115,0.350384
358,241,95,115,0.34697
354,245,95,115,0.349749
348,238,95,115,0.348995
343,238,95,115,0.348355
339,240,95,115,0.347462
345,247,95,115,0.355
339,248,95,115,0.357724
337,255,95,115,0.354588
343,252,95,115,0.355681
342,245,95,115,0.353357
349,243,95,115,0.356111
343,236,95,115,0.358841
337,229,95,115,0.358275
335,236,95,115,0.368589
331,243,95,115,0.357218
329,248,95,115,0.371829
322,255,95,115,0.372116
326,248,95,115,0.373232
330,242,95,115,0.366752
337,245,95,115,0.350224
344,239,95,115,0.350611
346,232,95,115,0.35135
339,234,95,115,0.348074
333,227,95,115,0.349856
330,220,95,115,0.349048
337,218,95,115,0.351758
335,225,95,115,0.350154
342,231,95,115,0.348712
349,232,95,115,0.347284
356,237,95,115,0.345673
355,243,95,115,0.348204
348,240,95,115,0.346977
347,233,95,115,0.347967
341,227,95,115,0.347428
347,232,95,115,0.346162
352,239,95,115,0.347506
359,246,95,115,0.352215
366,247,95,115,0.373148
359,249,95,115,0.366433
352,242,95,115,0.353301
345,240,95,115,0.350685
341,234,95,115,0.349459
348,239,95,115,0.352578
355,246,95,115,0.354084
362,246,95,115,0.351264
355,253,95,115,0.355203
348,258,95,115,0.350527
351,260,95,115,0.352513
350,253,95,115,0.352849
343,254,95,115,0.347766
338,252,95,115,0.349614
345,253,95,115,0.348628
352,252,95,115,0.346061
352,259,95,115,0.347203
349,265,95,115,0.346228
342,268,95,115,0.345738
335,263,95,115,0.346332
331,256,95,115,0.34703
337,262,95,115,0.346071
344,264,95,115,0.349986
351,260,95,115,0.348905
357,260,95,115,0.347505
362,262,95,115,0.346752
355,255,95,115,0.346759
348,251,95,115,0.346661
341,244,95,115,0.34852
348,244,95,115,0.346075
355,237,95,115,0.346277
362,241,95,115,0.348737
367,247,95,115,0.34835
361,242,95,115,0.34657
364,235,95,115,0.347749
358,228,95,115,0.344845
361,235,95,115,0.345752
359,242,95,115,0.344952
359,238,95,115,0.347297
352,245,95,115,0.34558
359,252,95,115,0.348054
365,258,95,115,0.347609
358,261,95,115,0.35397
357,255,95,115,0.359111
352,254,95,115,0.383161
345,247,95,115,0.387362
351,254,95,115,0.372366
357,261,95,115,0.376388
364,268,95,115,0.380058
371,263,95,115,0.374897
365,256,95,115,0.404531
358,249,95,115,0.381779
351,247,95,115,0.371746
344,242,95,115,0.39156
350,242,95,115,0.38975
351,239,95,115,0.386745
358,237,95,115,0.361203
365,244,95,115,0.351497
360,238,95,115,0.352586
353,232,95,115,0.354083
346,232,95,115,0.353274
339,225,95,115,0.347892
332,218,95,115,0.348437
327,220,95,115,0.350939
325,225,95,115,0.349595
318,232,95,115,0.349569
311,238,95,115,0.350783
304,232,95,115,0.351191
299,230,95,115,0.349679
305,228,95,115,0.346802
308,227,95,115,0.349687
315,234,95,115,0.347695
316,241,95,115,0.347036
320,244,95,115,0.350987
327,250,95,115,0.347375
334,248,95,115,0.349455
327,254,95,115,0.347982
320,256,95,115,0.346869
314,263,95,115,0.347653
315,256,95,115,0.34723
313,257,95,115,0.347369
306,253,95,115,0.348149
311,246,95,115,0.351168
310,244,95,115,0.347658
317,247,95,115,0.345947
311,247,95,115,0.34664
318,252,95,115,0.3485
324,253,95,115,0.34787
330,246,95,115,0.346745
332,250,95,115,0.351964
339,256,95,115,0.347279
346,263,95,115,0.349918
341,262,95,115,0.3526
347,266,95,115,0.348319
353,273,95,115,0.348212
357,271,95,115,0.349164
364,269,95,115,0.347277
357,266,95,115,0.346107
350,259,95,115,0.348616
344,252,95,115,0.347496
339,245,95,115,0.345948
332,238,95,115,0.348208
330,240,95,115,0.346667
333,247,95,115,0.351999
340,253,95,115,0.348452
339,253,95,115,0.34733
346,255,95,115,0.346382
352,249,95,115,0.347865
357,245,95,115,0.348522
363,252,95,115,0.346921
356,247,95,115,0.348262
349,240,95,115,0.346885
342,236,95,115,0.346849
335,235,95,115,0.348579
331,238,95,115,0.347605
336,240,95,115,0.351116
343,245,95,115,0.349266
350,251,95,115,0.348612
356,253,95,115,0.352684
363,260,95,115,0.348327
356,263,95,115,0.349703
356,267,95,115,0.346534
358,272,95,115,0.348204
358,278,95,115,0.348966
