176.196,146.886,114.851,144.962,0.0274045
176.196,145.604,114.851,144.962,0.0338593
176.196,144.962,114.851,144.962,0.0290613
176.196,144.641,114.851,144.962,0.0283241
175.804,144.321,114.851,144.962,0.0282615
175.804,144,114.851,144.962,0.0285734
175.804,143.359,114.851,144.962,0.0286089
175.412,143.359,114.851,144.962,0.0286001
175.02,144,114.851,144.962,0.0291749
174.628,144.641,114.851,144.962,0.0293131
174.236,145.283,114.851,144.962,0.029813
173.452,145.924,114.851,144.962,0.0296206
171.884,146.566,114.851,144.962,0.0288003
170.708,147.207,114.851,144.962,0.0286482
168.748,148.169,114.851,144.962,0.0290426
166.788,149.131,114.851,144.962,0.0299017
164.045,150.094,114.851,144.962,0.0317583
161.693,151.376,114.851,144.962,0.0313708
158.557,152.339,114.851,144.962,0.0313323
155.421,152.339,114.851,144.962,0.0306953
152.677,152.018,114.851,144.962,0.0311329
150.325,151.376,114.851,144.962,0.0321772
148.365,151.056,114.851,144.962,0.033415
147.189,149.452,114.851,144.962,0.03457
146.405,150.414,114.851,144.962,0.03705
146.013,151.056,114.851,144.962,0.0375976
145.621,151.056,114.851,144.962,0.0380972
146.405,148.49,114.851,144.962,0.0373949
146.405,148.169,114.851,144.962,0.0381071
146.405,146.886,114.851,144.962,0.0384246
146.405,145.604,114.851,144.962,0.0409632
147.189,143.679,114.851,144.962,0.0397599
147.581,143.038,114.851,144.962,0.0406608
147.581,142.717,114.851,144.962,0.0423044
148.365,143.038,114.851,144.962,0.0430833
149.149,143.359,114.851,144.962,0.0428747
149.541,143.038,114.851,144.962,0.0425357
150.717,143.038,114.851,144.962,0.0389106
151.893,143.038,114.851,144.962,0.0384861
153.461,143.038,114.851,144.962,0.0403449
155.029,143.038,114.851,144.962,0.0416868
157.381,143.038,114.851,144.962,0.0406143
159.341,143.038,114.851,144.962,0.0412836
161.301,143.359,114.851,144.962,0.041089
163.261,142.717,114.851,144.962,0.0384865
165.612,142.717,114.851,144.962,0.0392229
167.964,142.717,114.851,144.962,0.0377146
170.316,142.717,114.851,144.962,0.0367594
172.276,142.717,114.851,144.962,0.0366787
173.844,142.717,114.851,144.962,0.0364144
175.412,143.038,114.851,144.962,0.0372905
177.372,143.679,114.851,144.962,0.0383688
178.548,144.962,114.851,144.962,0.0377047
180.116,145.604,114.851,144.962,0.0369917
181.684,145.924,114.851,144.962,0.0389418
182.468,146.566,114.851,144.962,0.0391683
182.86,146.886,114.851,144.962,0.0398046
184.82,148.169,114.851,144.962,0.0409632
185.212,147.849,114.851,144.962,0.0457213
185.212,150.735,114.851,144.962,0.0464265
186.78,152.98,114.851,144.962,0.0422465
187.563,153.942,114.851,144.962,0.041616
188.347,154.263,114.851,144.962,0.042208
189.131,153.301,114.851,144.962,0.0443021
189.523,153.301,114.851,144.962,0.04195
189.915,153.942,114.851,144.962,0.0408727
190.307,154.904,114.851,144.962,0.0415328
191.091,155.225,114.851,144.962,0.0421237
191.875,155.866,114.851,144.962,0.0411747
192.267,155.866,114.851,144.962,0.0414027
192.659,155.546,114.851,144.962,0.0411293
193.443,154.904,114.851,144.962,0.0407565
193.443,154.263,114.851,144.962,0.0410563
193.443,153.942,114.851,144.962,0.0416248
193.443,153.621,114.851,144.962,0.0419709
193.443,153.621,114.851,144.962,0.0406916
193.051,153.621,114.851,144.962,0.0406982
192.267,153.621,114.851,144.962,0.0404094
191.091,153.621,114.851,144.962,0.0405736
190.307,153.621,114.851,144.962,0.0402419
188.739,152.98,114.851,144.962,0.0405619
187.955,153.301,114.851,144.962,0.0403933
186.78,153.942,114.851,144.962,0.0413067
186.78,150.735,114.851,144.962,0.0421277
184.82,154.584,114.851,144.962,0.0448739
183.644,149.773,114.851,144.962,0.0454929
182.468,151.697,114.851,144.962,0.0465413
183.644,151.697,114.851,144.962,0.0484495
181.292,152.659,114.851,144.962,0.0499893
179.332,152.339,114.851,144.962,0.0520966
178.94,152.659,114.851,144.962,0.0536456
177.764,152.659,114.851,144.962,0.0538948
176.196,152.659,114.851,144.962,0.0556469
175.02,153.621,114.851,144.962,0.0580683
174.628,154.263,114.851,144.962,0.0590202
173.452,154.584,114.851,144.962,0.0613136
172.276,155.225,114.851,144.962,0.0625452
171.1,155.225,114.851,144.962,0.0640227
171.1,155.225,114.851,144.962,0.0623989
169.532,155.225,114.851,144.962,0.0621875
168.748,155.546,114.851,144.962,0.0624829
168.748,155.546,114.851,144.962,0.0636276
167.964,155.546,114.851,144.962,0.0663451
167.572,155.546,114.851,144.962,0.0656483
167.572,155.546,114.851,144.962,0.0653899
167.572,155.225,114.851,144.962,0.0649768
167.18,155.546,114.851,144.962,0.0638186
167.18,155.866,114.851,144.962,0.0630059
167.18,155.866,114.851,144.962,0.0630488
167.18,156.187,114.851,144.962,0.0643621
167.18,156.508,114.851,144.962,0.0631214
167.18,156.508,114.851,144.962,0.0635942
167.18,156.508,114.851,144.962,0.0645253
167.18,156.829,114.851,144.962,0.0653049
167.18,157.149,114.851,144.962,0.0661032
167.18,157.47,114.851,144.962,0.063941
166.788,157.47,114.851,144.962,0.0618216
167.18,157.791,114.851,144.962,0.064655
167.18,158.111,114.851,144.962,0.0649974
167.18,158.432,114.851,144.962,0.0650872
167.18,158.111,114.851,144.962,0.0646422
167.18,158.432,114.851,144.962,0.0642624
167.18,158.432,114.851,144.962,0.0650106
166.788,157.791,114.851,144.962,0.0641023
166.788,157.47,114.851,144.962,0.0619653
166.788,157.47,114.851,144.962,0.0616567
166.788,157.47,114.851,144.962,0.0620947
166.396,157.47,114.851,144.962,0.0626365
166.396,157.791,114.851,144.962,0.0629312
166.396,157.791,114.851,144.962,0.0631588
166.396,157.791,114.851,144.962,0.0623715
166.396,157.47,114.851,144.962,0.0626486
166.396,157.149,114.851,144.962,0.0626313
166.396,156.508,114.851,144.962,0.063408
166.396,155.866,114.851,144.962,0.0652243
166.788,155.225,114.851,144.962,0.0652668
166.788,155.225,114.851,144.962,0.0655475
167.964,154.904,114.851,144.962,0.0667883
168.748,154.263,114.851,144.962,0.0676537
167.964,154.584,114.851,144.962,0.0695003
168.356,154.263,114.851,144.962,0.0676922
167.964,154.584,114.851,144.962,0.0686785
166.396,153.621,114.851,144.962,0.0696293
165.22,153.621,114.851,144.962,0.0696818
164.829,152.98,114.851,144.962,0.0687856
164.437,152.339,114.851,144.962,0.0691935
164.045,152.018,114.851,144.962,0.0684359
163.653,152.018,114.851,144.962,0.0685898
163.261,152.018,114.851,144.962,0.0678095
162.869,152.018,114.851,144.962,0.0668264
162.085,152.018,114.851,144.962,0.0682339
161.693,151.697,114.851,144.962,0.0696202
161.693,151.056,114.851,144.962,0.0677827
160.909,150.735,114.851,144.962,0.0676636
160.909,150.414,114.851,144.962,0.0673146
160.517,150.414,114.851,144.962,0.0675881
160.125,150.414,114.851,144.962,0.0685151
160.125,150.414,114.851,144.962,0.0677834
159.733,150.735,114.851,144.962,0.067425
159.733,150.094,114.851,144.962,0.0679308
159.341,150.094,114.851,144.962,0.0675778
159.733,150.094,114.851,144.962,0.068352
159.733,150.094,114.851,144.962,0.0665739
159.733,150.414,114.851,144.962,0.0674675
159.733,150.735,114.851,144.962,0.0670984
160.125,150.735,114.851,144.962,0.0665728
160.125,151.056,114.851,144.962,0.0665409
160.517,151.056,114.851,144.962,0.0673146
160.517,151.376,114.851,144.962,0.0659999
161.301,152.018,114.851,144.962,0.0655787
160.909,151.697,114.851,144.962,0.0650879
160.909,151.697,114.851,144.962,0.0658675
162.477,152.018,114.851,144.962,0.0660966
162.477,152.018,114.851,144.962,0.0667879
161.693,152.659,114.851,144.962,0.0686096
161.301,153.301,114.851,144.962,0.0684546
160.125,154.584,114.851,144.962,0.0700908
159.733,155.225,114.851,144.962,0.0689161
159.733,157.47,114.851,144.962,0.0691001
159.341,158.753,114.851,144.962,0.0705156
159.733,160.677,114.851,144.962,0.0716226
159.733,161.318,114.851,144.962,0.0734139
159.733,161.639,114.851,144.962,0.071991
159.341,161.96,114.851,144.962,0.0712055
159.341,162.922,114.851,144.962,0.0720595
159.341,163.884,114.851,144.962,0.0730704
159.733,163.884,114.851,144.962,0.0748947
159.733,163.884,114.851,144.962,0.0762751
159.733,164.205,114.851,144.962,0.0753481
160.125,164.526,114.851,144.962,0.0783113
160.517,164.526,114.851,144.962,0.083993
160.517,164.526,114.851,144.962,0.0839487
160.517,165.167,114.851,144.962,0.0815207
160.517,165.167,114.851,144.962,0.0791341
160.517,165.488,114.851,144.962,0.0805428
160.517,165.488,114.851,144.962,0.0796722
160.517,165.488,114.851,144.962,0.0778373
160.517,165.488,114.851,144.962,0.0772622
160.517,165.808,114.851,144.962,0.0808173
160.909,165.808,114.851,144.962,0.0809892
160.909,165.808,114.851,144.962,0.080476
160.909,165.808,114.851,144.962,0.0804086
160.909,165.808,114.851,144.962,0.0796774
160.909,165.808,114.851,144.962,0.0817025
160.517,166.129,114.851,144.962,0.0800281
160.125,166.129,114.851,144.962,0.0805417
160.125,166.45,114.851,144.962,0.0784278
160.125,166.771,114.851,144.962,0.0795912
159.733,167.733,114.851,144.962,0.0776837
159.341,168.695,114.851,144.962,0.0778806
159.341,169.336,114.851,144.962,0.077264
159.341,170.94,114.851,144.962,0.0825543
159.341,172.543,114.851,144.962,0.0808675
159.341,173.185,114.851,144.962,0.0800729
158.949,172.543,114.851,144.962,0.0817128
158.949,172.543,114.851,144.962,0.0807015
158.949,172.223,114.851,144.962,0.0812725
158.557,171.902,114.851,144.962,0.0798636
158.165,171.902,114.851,144.962,0.0774675
158.165,170.94,114.851,144.962,0.0805626
158.165,167.091,114.851,144.962,0.0777702
158.557,163.884,114.851,144.962,0.0815027
158.165,159.394,114.851,144.962,0.0838061
158.557,154.904,114.851,144.962,0.082944
159.341,149.131,114.851,144.962,0.0801238
159.733,145.604,114.851,144.962,0.0810398
160.517,141.755,114.851,144.962,0.0855889
160.909,139.51,114.851,144.962,0.0792056
162.477,136.303,114.851,144.962,0.0802576
161.693,134.699,114.851,144.962,0.0786587
162.085,131.813,114.851,144.962,0.0783061
161.301,131.492,114.851,144.962,0.077915
162.085,130.209,114.851,144.962,0.075141
161.693,130.209,114.851,144.962,0.075619
161.301,129.247,114.851,144.962,0.0761406
161.301,129.889,114.851,144.962,0.0749438
161.301,129.889,114.851,144.962,0.0736382
161.301,130.209,114.851,144.962,0.0733758
161.301,130.53,114.851,144.962,0.0728644
161.693,131.492,114.851,144.962,0.074821
162.085,132.134,114.851,144.962,0.07418
162.477,132.454,114.851,144.962,0.0731962
163.653,133.416,114.851,144.962,0.074133
164.045,133.737,114.851,144.962,0.0721702
164.829,134.699,114.851,144.962,0.0729209
165.612,135.341,114.851,144.962,0.0734821
166.004,136.303,114.851,144.962,0.0728161
166.788,136.944,114.851,144.962,0.072521
167.18,137.906,114.851,144.962,0.0717996
167.572,138.548,114.851,144.962,0.0715768
167.964,139.189,114.851,144.962,0.0720866
168.356,140.472,114.851,144.962,0.0716593
168.748,141.434,114.851,144.962,0.072028
168.748,142.717,114.851,144.962,0.0715163
168.748,143.679,114.851,144.962,0.0712205
168.356,144.321,114.851,144.962,0.0712033
168.356,144.962,114.851,144.962,0.0711168
167.964,145.924,114.851,144.962,0.0712517
167.572,146.566,114.851,144.962,0.0716534
167.18,147.849,114.851,144.962,0.0705805
167.18,148.811,114.851,144.962,0.0705296
166.788,149.773,114.851,144.962,0.0718315
166.788,150.094,114.851,144.962,0.0709753
166.788,150.414,114.851,144.962,0.0713444
166.788,150.735,114.851,144.962,0.0705618
166.788,151.056,114.851,144.962,0.0713704
166.788,151.376,114.851,144.962,0.0709914
166.788,151.376,114.851,144.962,0.0701315
166.788,151.376,114.851,144.962,0.0709526
166.396,151.697,114.851,144.962,0.0706421
166.396,152.018,114.851,144.962,0.0707337
166.396,152.339,114.851,144.962,0.0697437
165.612,152.339,114.851,144.962,0.0703254
164.829,153.942,114.851,144.962,0.0721383
164.437,154.263,114.851,144.962,0.0719642
164.045,155.225,114.851,144.962,0.0726145
163.261,155.546,114.851,144.962,0.0727164
162.085,155.225,114.851,144.962,0.0737423
161.693,155.866,114.851,144.962,0.0745348
161.693,156.187,114.851,144.962,0.0762498
161.693,156.508,114.851,144.962,0.0749552
161.301,156.508,114.851,144.962,0.0745271
160.517,156.829,114.851,144.962,0.0777131
159.733,157.47,114.851,144.962,0.0750593
158.949,157.791,114.851,144.962,0.0743783
158.557,158.432,114.851,144.962,0.0746825
158.165,158.753,114.851,144.962,0.0749812
157.381,158.432,114.851,144.962,0.0759716
156.205,158.432,114.851,144.962,0.0765497
155.813,160.036,114.851,144.962,0.0788838
155.029,159.715,114.851,144.962,0.0786793
155.421,160.036,114.851,144.962,0.0795271
155.029,160.356,114.851,144.962,0.0798016
155.029,160.356,114.851,144.962,0.0789219
155.029,160.677,114.851,144.962,0.0772204
155.029,160.677,114.851,144.962,0.0764071
155.029,160.677,114.851,144.962,0.075152
154.637,160.677,114.851,144.962,0.0741638
154.637,160.677,114.851,144.962,0.0742998
154.637,160.677,114.851,144.962,0.0751678
154.245,160.677,114.851,144.962,0.076123
153.853,160.998,114.851,144.962,0.0915929
153.853,161.318,114.851,144.962,0.0770045
153.853,161.318,114.851,144.962,0.0784121
153.853,161.639,114.851,144.962,0.0766233
153.853,161.639,114.851,144.962,0.0763972
153.853,161.639,114.851,144.962,0.074982
153.461,160.998,114.851,144.962,0.0760387
153.461,160.677,114.851,144.962,0.0782695
153.461,160.356,114.851,144.962,0.0804588
153.461,160.036,114.851,144.962,0.081506
155.029,160.036,114.851,144.962,0.0809987
155.421,159.715,114.851,144.962,0.0789751
155.029,159.715,114.851,144.962,0.0783076
155.029,159.715,114.851,144.962,0.077738
155.029,160.036,114.851,144.962,0.0788886
154.637,158.753,114.851,144.962,0.0778326
154.637,157.791,114.851,144.962,0.0776346
154.637,158.111,114.851,144.962,0.0811131
154.637,157.149,114.851,144.962,0.0824242
155.029,157.47,114.851,144.962,0.0832159
156.205,154.904,114.851,144.962,0.0794013
155.813,155.225,114.851,144.962,0.0782482
155.813,154.904,114.851,144.962,0.0805944
155.421,154.904,114.851,144.962,0.0783805
155.421,153.942,114.851,144.962,0.0757407
154.245,153.621,114.851,144.962,0.0768572
153.853,153.301,114.851,144.962,0.0768913
153.461,153.301,114.851,144.962,0.0783582
152.285,152.98,114.851,144.962,0.0765669
151.501,152.98,114.851,144.962,0.0768345
150.717,153.301,114.851,144.962,0.0765914
149.933,153.301,114.851,144.962,0.0763411
149.149,152.659,114.851,144.962,0.0765731
148.757,152.98,114.851,144.962,0.0770613
147.973,152.659,114.851,144.962,0.0770496
147.581,152.339,114.851,144.962,0.0769547
146.797,152.339,114.851,144.962,0.07744
146.013,152.659,114.851,144.962,0.0771446
144.837,152.98,114.851,144.962,0.0769034
143.27,153.621,114.851,144.962,0.0767835
141.702,153.942,114.851,144.962,0.0759757
139.742,154.904,114.851,144.962,0.0762498
137.782,155.546,114.851,144.962,0.0756058
135.43,155.866,114.851,144.962,0.0776955
133.078,155.866,114.851,144.962,0.0769554
131.118,155.866,114.851,144.962,0.0775569
129.942,155.866,114.851,144.962,0.0760427
129.158,155.866,114.851,144.962,0.0770452
129.55,154.584,114.851,144.962,0.0765185
128.766,155.225,114.851,144.962,0.0802939
126.806,154.263,114.851,144.962,0.0765126
126.414,153.301,114.851,144.962,0.0792111
126.414,154.904,114.851,144.962,0.0818729
126.414,155.546,114.851,144.962,0.081219
126.414,155.225,114.851,144.962,0.0825477
126.414,156.187,114.851,144.962,0.083835
126.414,156.187,114.851,144.962,0.0826313
126.806,155.866,114.851,144.962,0.0818015
126.806,156.508,114.851,144.962,0.0816728
126.414,156.508,114.851,144.962,0.0837218
126.806,156.508,114.851,144.962,0.081951
127.198,155.866,114.851,144.962,0.0782519
127.198,155.866,114.851,144.962,0.0787716
127.59,155.866,114.851,144.962,0.0784025
128.374,155.866,114.851,144.962,0.0769525
128.766,155.866,114.851,144.962,0.0767102
129.158,155.866,114.851,144.962,0.0770551
130.334,156.187,114.851,144.962,0.0770643
131.51,156.508,114.851,144.962,0.0754101
132.294,156.508,114.851,144.962,0.0757202
132.686,156.508,114.851,144.962,0.076292
133.47,156.508,114.851,144.962,0.0765145
134.254,156.508,114.851,144.962,0.0765332
135.038,156.187,114.851,144.962,0.0743834
135.822,156.187,114.851,144.962,0.0761725
136.606,156.187,114.851,144.962,0.0792657
136.998,155.866,114.851,144.962,0.0788768
137.782,155.866,114.851,144.962,0.0788677
138.566,155.546,114.851,144.962,0.0774495
138.958,154.904,114.851,144.962,0.0777893
139.35,154.263,114.851,144.962,0.0746011
140.134,152.98,114.851,144.962,0.0768048
140.526,151.697,114.851,144.962,0.0741847
141.31,150.735,114.851,144.962,0.0712806
141.31,150.414,114.851,144.962,0.0724426
142.094,149.773,114.851,144.962,0.072481
142.878,149.773,114.851,144.962,0.0712058
143.27,149.452,114.851,144.962,0.0718964
143.27,148.811,114.851,144.962,0.0703969
144.053,148.811,114.851,144.962,0.0710816
144.445,148.169,114.851,144.962,0.0742841
144.837,147.849,114.851,144.962,0.0729612
145.621,147.207,114.851,144.962,0.0755193
146.013,146.886,114.851,144.962,0.0757796
146.013,147.207,114.851,144.962,0.0762627
146.013,146.886,114.851,144.962,0.0752748
146.013,146.566,114.851,144.962,0.0743537
147.189,146.566,114.851,144.962,0.0757803
147.973,146.566,114.851,144.962,0.0745219
148.365,146.566,114.851,144.962,0.0753544
150.325,145.604,114.851,144.962,0.0760614
150.717,145.924,114.851,144.962,0.0740213
151.109,146.245,114.851,144.962,0.0746561
152.285,146.245,114.851,144.962,0.0754772
152.285,146.566,114.851,144.962,0.0746279
152.677,146.245,114.851,144.962,0.0748643
152.677,146.566,114.851,144.962,0.0757007
152.285,146.886,114.851,144.962,0.0847111
152.677,146.886,114.851,144.962,0.0785502
152.677,146.566,114.851,144.962,0.0750439
151.893,146.245,114.851,144.962,0.0749365
151.501,146.566,114.851,144.962,0.0737573
151.501,147.207,114.851,144.962,0.0737584
151.109,147.849,114.851,144.962,0.0728454
151.109,148.169,114.851,144.962,0.0735026
150.717,149.131,114.851,144.962,0.0741352
150.325,150.094,114.851,144.962,0.0743354
150.325,151.697,114.851,144.962,0.0736181
150.325,153.621,114.851,144.962,0.0733098
149.933,155.225,114.851,144.962,0.0746103
149.933,156.829,114.851,144.962,0.0733325
149.541,158.111,114.851,144.962,0.0736155
149.149,158.753,114.851,144.962,0.0739366
149.149,159.394,114.851,144.962,0.0737834
149.149,159.394,114.851,144.962,0.0740169
149.541,159.394,114.851,144.962,0.0746957
149.541,158.753,114.851,144.962,0.0752528
149.541,158.753,114.851,144.962,0.0746924
149.149,158.753,114.851,144.962,0.0737416
149.149,158.753,114.851,144.962,0.0736239
149.149,158.753,114.851,144.962,0.0746319
149.149,159.074,114.851,144.962,0.0738556
149.149,159.074,114.851,144.962,0.0744043
149.149,159.394,114.851,144.962,0.0737599
149.541,159.074,114.851,144.962,0.0735788
149.933,158.432,114.851,144.962,0.0737746
150.325,159.394,114.851,144.962,0.0737823
150.325,158.753,114.851,144.962,0.0740957
150.717,157.791,114.851,144.962,0.0752517
149.933,158.111,114.851,144.962,0.0738343
151.109,158.111,114.851,144.962,0.0738864
151.893,158.432,114.851,144.962,0.0752162
152.285,157.791,114.851,144.962,0.0744948
151.893,158.432,114.851,144.962,0.0744901
151.893,159.074,114.851,144.962,0.0765445
151.501,158.432,114.851,144.962,0.0769847
151.501,159.394,114.851,144.962,0.0796411
152.285,160.356,114.851,144.962,0.0779799
152.285,159.715,114.851,144.962,0.0776277
151.893,159.715,114.851,144.962,0.0779689
151.893,159.715,114.851,144.962,0.0765277
151.893,160.356,114.851,144.962,0.0772717
151.501,160.677,114.851,144.962,0.0768792
151.501,160.998,114.851,144.962,0.0769712
151.109,161.318,114.851,144.962,0.0777622
150.717,161.639,114.851,144.962,0.0776145
150.717,162.281,114.851,144.962,0.0773667
150.325,162.281,114.851,144.962,0.0787302
149.933,162.281,114.851,144.962,0.0775763
149.933,161.96,114.851,144.962,0.0773465
149.541,162.281,114.851,144.962,0.0774184
149.149,162.601,114.851,144.962,0.077473
149.149,162.281,114.851,144.962,0.0778131
149.149,162.922,114.851,144.962,0.079129
149.149,163.243,114.851,144.962,0.0792397
149.149,163.243,114.851,144.962,0.0788633
149.149,163.243,114.851,144.962,0.0778553
149.149,163.243,114.851,144.962,0.0803925
148.757,163.243,114.851,144.962,0.0787731
148.757,163.884,114.851,144.962,0.0787812
148.757,163.563,114.851,144.962,0.0783486
148.757,163.884,114.851,144.962,0.0790601
148.365,163.884,114.851,144.962,0.0792874
148.365,163.884,114.851,144.962,0.0817084
148.365,163.884,114.851,144.962,0.0798438
147.973,163.884,114.851,144.962,0.0842126
147.973,163.884,114.851,144.962,0.0818612
147.973,163.563,114.851,144.962,0.0796759
147.973,163.243,114.851,144.962,0.079975
147.973,162.922,114.851,144.962,0.0780514
148.365,163.243,114.851,144.962,0.0834227
148.365,163.563,114.851,144.962,0.0809965
148.365,163.884,114.851,144.962,0.080409
148.365,164.205,114.851,144.962,0.0814646
148.365,164.205,114.851,144.962,0.0806113
148.365,164.205,114.851,144.962,0.0788321
148.365,164.205,114.851,144.962,0.0777798
148.365,164.205,114.851,144.962,0.0798104
148.365,164.205,114.851,144.962,0.0783505
148.365,164.205,114.851,144.962,0.0781141
147.973,164.205,114.851,144.962,0.0803829
147.973,164.205,114.851,144.962,0.078463
147.973,164.205,114.851,144.962,0.0787243
147.973,164.205,114.851,144.962,0.0805556
147.973,164.205,114.851,144.962,0.0782145
147.973,164.205,114.851,144.962,0.0783875
147.973,163.884,114.851,144.962,0.0777856
147.973,163.884,114.851,144.962,0.0778897
147.973,163.884,114.851,144.962,0.079265
147.973,164.205,114.851,144.962,0.0792789
147.973,164.846,114.851,144.962,0.0786052
147.973,165.488,114.851,144.962,0.0784916
147.973,165.808,114.851,144.962,0.0782053
147.973,166.129,114.851,144.962,0.078533
148.365,166.129,114.851,144.962,0.0784315
148.365,166.45,114.851,144.962,0.0785176
148.757,166.45,114.851,144.962,0.0779498
149.149,166.129,114.851,144.962,0.0779876
149.933,166.129,114.851,144.962,0.078492
149.933,166.129,114.851,144.962,0.0793786
150.325,165.488,114.851,144.962,0.0820459
150.717,165.808,114.851,144.962,0.0819462
149.933,166.129,114.851,144.962,0.0828927
149.933,165.808,114.851,144.962,0.0796561
151.109,165.167,114.851,144.962,0.0818161
151.501,164.526,114.851,144.962,0.0819059
152.677,163.243,114.851,144.962,0.0778633
152.677,162.281,114.851,144.962,0.0815603
152.285,162.281,114.851,144.962,0.0824444
152.677,162.281,114.851,144.962,0.0846847
153.853,162.922,114.851,144.962,0.0843816
153.853,162.922,114.851,144.962,0.0834194
153.069,162.922,114.851,144.962,0.0817813
152.677,163.243,114.851,144.962,0.0790355
153.461,163.563,114.851,144.962,0.0811428
153.069,164.526,114.851,144.962,0.0823022
153.069,164.846,114.851,144.962,0.0817549
152.677,165.488,114.851,144.962,0.0858752
152.285,166.129,114.851,144.962,0.0838435
152.285,166.129,114.851,144.962,0.0879359
151.893,166.129,114.851,144.962,0.0837998
151.893,166.129,114.851,144.962,0.0821878
152.285,166.45,114.851,144.962,0.0850014
152.285,166.129,114.851,144.962,0.087131
151.501,166.129,114.851,144.962,0.0861666
152.285,166.45,114.851,144.962,0.085991
152.285,166.771,114.851,144.962,0.0808309
152.285,167.091,114.851,144.962,0.0829363
151.893,166.771,114.851,144.962,0.0831375
151.893,166.771,114.851,144.962,0.0829099
151.893,166.45,114.851,144.962,0.0831694
151.893,166.45,114.851,144.962,0.0828135
151.893,166.45,114.851,144.962,0.0815225
151.893,166.45,114.851,144.962,0.083478
151.893,166.771,114.851,144.962,0.0799768
151.501,166.771,114.851,144.962,0.0826621
151.501,166.771,114.851,144.962,0.0810896
151.501,167.091,114.851,144.962,0.089479
150.717,167.091,114.851,144.962,0.0840517
150.717,167.412,114.851,144.962,0.0851557
150.717,167.412,114.851,144.962,0.0804412
150.717,167.412,114.851,144.962,0.0838303
149.933,167.091,114.851,144.962,0.081682
149.933,166.771,114.851,144.962,0.0847419
149.933,166.771,114.851,144.962,0.0816537
149.541,166.45,114.851,144.962,0.0810999
149.541,166.771,114.851,144.962,0.086826
149.541,167.091,114.851,144.962,0.0811582
149.541,167.412,114.851,144.962,0.0810728
149.933,167.412,114.851,144.962,0.0851949
149.541,167.733,114.851,144.962,0.0819188
149.541,168.053,114.851,144.962,0.0848045
149.541,168.374,114.851,144.962,0.0801828
149.933,168.695,114.851,144.962,0.0830946
149.933,169.016,114.851,144.962,0.093588
150.325,169.657,114.851,144.962,0.0819272
150.717,170.298,114.851,144.962,0.0824143
150.717,170.298,114.851,144.962,0.0848925
150.717,170.298,114.851,144.962,0.0803316
150.717,170.298,114.851,144.962,0.0776834
150.717,169.978,114.851,144.962,0.087043
150.717,170.298,114.851,144.962,0.0833446
151.109,170.619,114.851,144.962,0.0802891
151.109,171.261,114.851,144.962,0.082896
151.109,171.902,114.851,144.962,0.0818612
151.109,172.543,114.851,144.962,0.0809639
151.109,173.506,114.851,144.962,0.0820841
151.109,176.392,114.851,144.962,0.0858576
150.717,179.599,114.851,144.962,0.0851366
150.717,183.448,114.851,144.962,0.0828659
150.717,189.862,114.851,144.962,0.0864661
150.325,196.597,114.851,144.962,0.0892584
148.757,205.256,114.851,144.962,0.0830473
148.757,214.878,114.851,144.962,0.0804057
149.541,215.519,114.851,144.962,0.0573308
149.149,206.218,114.851,144.962,0.0528047
148.365,203.011,114.851,144.962,0.0885242
150.325,212.312,114.851,144.962,0.0873619
151.893,209.746,114.851,144.962,0.0785653
151.109,207.18,114.851,144.962,0.0764496
151.109,215.519,114.851,144.962,0.0811487
152.677,211.35,114.851,144.962,0.0500432
152.285,215.198,114.851,144.962,0.0699603
152.285,206.539,114.851,144.962,0.0563862
153.069,210.388,114.851,144.962,0.0854603
154.245,215.519,114.851,144.962,0.0699988
154.245,211.35,114.851,144.962,0.05556
153.853,210.067,114.851,144.962,0.0726306
154.245,210.388,114.851,144.962,0.0802081
154.245,209.746,114.851,144.962,0.0768546
154.637,210.067,114.851,144.962,0.0793948
155.029,210.388,114.851,144.962,0.0862949
155.421,211.029,114.851,144.962,0.0767597
156.205,211.67,114.851,144.962,0.0744321
155.813,211.67,114.851,144.962,0.0699757
155.813,212.312,114.851,144.962,0.0691796
156.205,213.595,114.851,144.962,0.0643064
156.597,213.274,114.851,144.962,0.0581621
155.813,206.539,114.851,144.962,0.0686041
156.205,214.878,114.851,144.962,0.0814474
156.205,210.067,114.851,144.962,0.056307
156.597,214.236,114.851,144.962,0.0723986
156.597,205.577,114.851,144.962,0.0643259
156.597,201.087,114.851,144.962,0.0855691
156.597,210.708,114.851,144.962,0.0864961
156.597,204.615,114.851,144.962,0.077694
153.461,213.595,114.851,144.962,0.0847012
154.245,209.425,114.851,144.962,0.065347
155.813,206.86,114.851,144.962,0.077665
153.461,206.218,114.851,144.962,0.0926199
153.853,206.218,114.851,144.962,0.0829315
154.245,204.935,114.851,144.962,0.0843772
155.029,205.256,114.851,144.962,0.0818605
155.029,205.577,114.851,144.962,0.0876408
154.245,204.935,114.851,144.962,0.0880341
153.853,204.615,114.851,144.962,0.0838655
153.853,203.973,114.851,144.962,0.0877523
154.245,203.332,114.851,144.962,0.0859481
154.245,202.37,114.851,144.962,0.0825382
154.245,202.049,114.851,144.962,0.0818997
154.245,202.049,114.851,144.962,0.0872003
154.637,201.728,114.851,144.962,0.090512
153.853,202.049,114.851,144.962,0.0864195
153.853,202.049,114.851,144.962,0.0843544
153.853,202.049,114.851,144.962,0.082131
153.853,202.37,114.851,144.962,0.0853518
151.109,202.37,114.851,144.962,0.0847994
151.109,202.37,114.851,144.962,0.0851832
151.109,202.69,114.851,144.962,0.0843376
151.109,202.69,114.851,144.962,0.0834414
151.109,202.37,114.851,144.962,0.0883219
151.501,202.69,114.851,144.962,0.0857224
151.501,202.69,114.851,144.962,0.084677
151.501,202.37,114.851,144.962,0.0818425
151.893,202.049,114.851,144.962,0.0819217
152.285,202.049,114.851,144.962,0.0847125
151.893,201.728,114.851,144.962,0.0858686
151.893,201.408,114.851,144.962,0.0907007
152.285,201.408,114.851,144.962,0.0886206
152.677,201.408,114.851,144.962,0.0873758
152.677,201.408,114.851,144.962,0.0927171
152.677,201.408,114.851,144.962,0.113873
152.677,201.087,114.851,144.962,0.0837797
152.285,201.087,114.851,144.962,0.0877875
151.893,201.408,114.851,144.962,0.0839061
151.893,201.728,114.851,144.962,0.0860204
151.893,202.37,114.851,144.962,0.0904427
151.501,203.011,114.851,144.962,0.084545
154.637,203.332,114.851,144.962,0.0836305
153.853,203.332,114.851,144.962,0.0827453
153.853,203.973,114.851,144.962,0.0849911
154.637,204.294,114.851,144.962,0.0878252
152.285,204.935,114.851,144.962,0.0838706
153.069,205.256,114.851,144.962,0.086863
153.461,205.256,114.851,144.962,0.0809863
153.069,205.577,114.851,144.962,0.0898621
155.029,205.577,114.851,144.962,0.0906421
152.285,206.218,114.851,144.962,0.0869748
153.853,207.18,114.851,144.962,0.0836085
152.677,207.822,114.851,144.962,0.086193
151.893,208.784,114.851,144.962,0.0838776
150.717,210.067,114.851,144.962,0.0789336
149.541,212.953,114.851,144.962,0.0806194
147.581,215.519,114.851,144.962,0.0671644
147.973,215.198,114.851,144.962,0.0595077
147.189,214.557,114.851,144.962,0.0591323
144.053,210.708,114.851,144.962,0.0637225
143.27,204.935,114.851,144.962,0.0762916
141.702,210.388,114.851,144.962,0.0862439
139.742,212.633,114.851,144.962,0.0784956
138.566,211.991,114.851,144.962,0.0658063
136.998,208.463,114.851,144.962,0.0732163
134.254,201.728,114.851,144.962,0.0830023
132.686,211.029,114.851,144.962,0.0876394
130.726,207.822,114.851,144.962,0.0773557
129.158,201.087,114.851,144.962,0.0820342
128.374,206.539,114.851,144.962,0.0899075
126.806,201.728,114.851,144.962,0.0875602
125.63,207.501,114.851,144.962,0.0842291
124.846,206.539,114.851,144.962,0.0871046
124.454,207.501,114.851,144.962,0.0905831
124.454,205.577,114.851,144.962,0.0825477
124.062,205.256,114.851,144.962,0.0863609
122.886,203.973,114.851,144.962,0.0883156
122.886,205.256,114.851,144.962,0.0854475
122.102,203.011,114.851,144.962,0.0867754
120.535,203.332,114.851,144.962,0.0875859
120.927,201.728,114.851,144.962,0.0921269
121.71,200.445,114.851,144.962,0.0908671
121.71,201.408,114.851,144.962,0.0904427
120.927,201.087,114.851,144.962,0.0888266
121.318,201.408,114.851,144.962,0.0881122
121.71,201.728,114.851,144.962,0.0835554
121.71,201.728,114.851,144.962,0.0882497
122.102,201.728,114.851,144.962,0.0854412
122.102,201.728,114.851,144.962,0.0863187
122.102,201.408,114.851,144.962,0.0843911
122.494,201.087,114.851,144.962,0.0880477
122.494,200.445,114.851,144.962,0.0905493
122.102,200.766,114.851,144.962,0.092194
122.494,200.445,114.851,144.962,0.0852583
122.494,200.125,114.851,144.962,0.0862099
122.494,200.445,114.851,144.962,0.0893449
122.494,199.804,114.851,144.962,0.0868308
122.102,199.163,114.851,144.962,0.0916592
121.71,199.483,114.851,144.962,0.089567
121.71,199.804,114.851,144.962,0.0885488
121.71,199.163,114.851,144.962,0.0833717
121.71,199.163,114.851,144.962,0.0902019
121.71,198.842,114.851,144.962,0.0902601
122.494,198.842,114.851,144.962,0.082896
122.886,198.521,114.851,144.962,0.0866977
122.886,198.521,114.851,144.962,0.0863847
123.67,198.2,114.851,144.962,0.0862608
124.846,198.2,114.851,144.962,0.086991
125.63,198.2,114.851,144.962,0.0880657
126.806,197.559,114.851,144.962,0.083515
127.982,197.559,114.851,144.962,0.0834564
129.158,197.238,114.851,144.962,0.0861787
130.334,197.238,114.851,144.962,0.0860841
131.51,196.918,114.851,144.962,0.089512
133.078,196.918,114.851,144.962,0.0868513
135.038,196.918,114.851,144.962,0.0904207
136.606,196.918,114.851,144.962,0.0894944
138.566,196.597,114.851,144.962,0.0896158
139.35,195.955,114.851,144.962,0.0905519
140.918,195.635,114.851,144.962,0.0909342
141.702,195.635,114.851,144.962,0.0888713
142.094,195.314,114.851,144.962,0.0884124
142.878,195.314,114.851,144.962,0.0885341
144.053,195.314,114.851,144.962,0.0873531
143.661,195.314,114.851,144.962,0.0869748
144.053,194.993,114.851,144.962,0.0893167
144.053,194.352,114.851,144.962,0.0877273
144.053,194.352,114.851,144.962,0.0893214
144.053,193.39,114.851,144.962,0.0894413
144.053,192.428,114.851,144.962,0.0859753
144.445,190.824,114.851,144.962,0.0868073
144.445,189.22,114.851,144.962,0.0895238
144.837,188.579,114.851,144.962,0.0865049
145.621,188.579,114.851,144.962,0.0852649
145.621,187.938,114.851,144.962,0.0881694
146.405,186.975,114.851,144.962,0.0849138
146.405,186.655,114.851,144.962,0.0922813
146.405,186.655,114.851,144.962,0.0875657
146.405,186.013,114.851,144.962,0.0860039
146.405,185.693,114.851,144.962,0.0941404
146.405,185.051,114.851,144.962,0.086892
146.013,185.051,114.851,144.962,0.0894662
146.013,185.051,114.851,144.962,0.0894065
145.621,184.731,114.851,144.962,0.0900223
146.013,185.051,114.851,144.962,0.0904683
145.229,184.731,114.851,144.962,0.0899966
146.797,185.693,114.851,144.962,0.0891008
146.797,187.296,114.851,144.962,0.0874242
147.189,186.655,114.851,144.962,0.0866164
146.797,185.693,114.851,144.962,0.0892434
146.405,186.013,114.851,144.962,0.0866798
146.405,185.693,114.851,144.962,0.0882563
146.013,185.051,114.851,144.962,0.088765
146.797,184.731,114.851,144.962,0.0903426
146.405,185.372,114.851,144.962,0.0874176
146.797,185.693,114.851,144.962,0.0862997
147.189,184.089,114.851,144.962,0.0873773
147.189,182.165,114.851,144.962,0.0910621
146.405,184.731,114.851,144.962,0.0912659
146.405,184.41,114.851,144.962,0.0909932
146.405,186.013,114.851,144.962,0.0887753
146.797,185.372,114.851,144.962,0.0908217
147.189,187.617,114.851,144.962,0.0852935
146.013,196.918,114.851,144.962,0.0861754
146.405,189.541,114.851,144.962,0.089092
146.405,190.183,114.851,144.962,0.0890993
146.797,188.579,114.851,144.962,0.0896396
146.797,189.22,114.851,144.962,0.0871823
147.189,188.9,114.851,144.962,0.0922003
147.581,188.579,114.851,144.962,0.0857238
147.973,188.579,114.851,144.962,0.0852231
147.973,188.258,114.851,144.962,0.0857792
148.365,187.938,114.851,144.962,0.0857495
148.757,188.258,114.851,144.962,0.0842353
148.757,188.579,114.851,144.962,0.0895989
149.149,189.22,114.851,144.962,0.0913411
149.541,189.541,114.851,144.962,0.0911765
149.933,190.503,114.851,144.962,0.0853866
150.717,190.503,114.851,144.962,0.0856886
151.893,190.824,114.851,144.962,0.0841693
152.677,190.824,114.851,144.962,0.0850622
153.853,190.824,114.851,144.962,0.0863022
155.029,190.503,114.851,144.962,0.0891609
155.813,190.503,114.851,144.962,0.0903547
156.597,190.824,114.851,144.962,0.0844758
156.989,190.824,114.851,144.962,0.0847114
157.773,190.824,114.851,144.962,0.0869701
158.165,190.503,114.851,144.962,0.0849519
158.949,190.183,114.851,144.962,0.0917626
159.733,190.824,114.851,144.962,0.0913532
160.125,191.145,114.851,144.962,0.0901271
160.517,192.428,114.851,144.962,0.0858928
161.693,190.503,114.851,144.962,0.0886389
162.869,194.673,114.851,144.962,0.0912843
164.437,191.145,114.851,144.962,0.0900794
163.261,194.031,114.851,144.962,0.0893302
165.22,200.125,114.851,144.962,0.0880114
167.964,197.238,114.851,144.962,0.0914712
171.884,196.276,114.851,144.962,0.0908407
175.804,202.69,114.851,144.962,0.0918377
171.1,201.087,114.851,144.962,0.0916054
173.452,198.521,114.851,144.962,0.0937357
175.412,196.918,114.851,144.962,0.0895905
177.764,195.635,114.851,144.962,0.0877409
180.116,193.71,114.851,144.962,0.0875543
182.468,191.465,114.851,144.962,0.08811
184.428,189.862,114.851,144.962,0.0907498
185.604,188.9,114.851,144.962,0.0926412
183.644,187.938,114.851,144.962,0.0924752
185.212,186.334,114.851,144.962,0.0918777
187.171,184.731,114.851,144.962,0.0940718
189.523,185.051,114.851,144.962,0.0910841
191.483,183.127,114.851,144.962,0.0917996
193.835,181.844,114.851,144.962,0.0867128
195.011,180.882,114.851,144.962,0.0882137
195.795,180.241,114.851,144.962,0.0885436
195.795,180.561,114.851,144.962,0.0857326
194.619,181.203,114.851,144.962,0.0911442
193.051,181.844,114.851,144.962,0.090777
191.483,182.806,114.851,144.962,0.0921687
190.307,183.127,114.851,144.962,0.0885528
189.915,183.448,114.851,144.962,0.0927713
189.915,183.127,114.851,144.962,0.0847235
189.523,183.127,114.851,144.962,0.0869437
189.131,182.806,114.851,144.962,0.0835653
188.739,182.806,114.851,144.962,0.0868315
188.739,182.806,114.851,144.962,0.0955702
188.347,182.806,114.851,144.962,0.0910119
188.347,183.448,114.851,144.962,0.0881236
187.955,183.768,114.851,144.962,0.0896117
187.955,184.089,114.851,144.962,0.0937687
191.091,184.731,114.851,144.962,0.0924524
190.699,185.051,114.851,144.962,0.0922197
189.915,185.372,114.851,144.962,0.089828
186.388,185.372,114.851,144.962,0.0909753
188.347,186.013,114.851,144.962,0.0909353
187.171,186.334,114.851,144.962,0.0878094
185.604,186.334,114.851,144.962,0.0844827
184.036,186.013,114.851,144.962,0.0856458
179.724,185.372,114.851,144.962,0.0866006
181.292,185.693,114.851,144.962,0.0862267
180.116,185.693,114.851,144.962,0.0897331
178.94,185.372,114.851,144.962,0.0872747
175.02,185.051,114.851,144.962,0.0887027
174.236,184.731,114.851,144.962,0.0876537
173.06,184.41,114.851,144.962,0.0866691
176.196,184.731,114.851,144.962,0.0889941
172.668,183.768,114.851,144.962,0.0838574
171.884,183.768,114.851,144.962,0.0846832
171.1,183.768,114.851,144.962,0.0874433
170.708,183.448,114.851,144.962,0.0889369
169.14,183.448,114.851,144.962,0.0876603
168.356,183.768,114.851,144.962,0.0882904
167.572,181.844,114.851,144.962,0.0903954
166.004,181.844,114.851,144.962,0.089791
164.437,181.844,114.851,144.962,0.088036
163.261,181.844,114.851,144.962,0.0886239
162.085,184.089,114.851,144.962,0.0879462
160.125,181.844,114.851,144.962,0.089011
159.341,182.486,114.851,144.962,0.0885667
158.557,183.768,114.851,144.962,0.08613
156.989,186.334,114.851,144.962,0.0862894
158.165,189.541,114.851,144.962,0.0934095
156.989,186.334,114.851,144.962,0.0837361
156.597,190.503,114.851,144.962,0.0854229
158.949,194.031,114.851,144.962,0.0879872
157.381,197.88,114.851,144.962,0.0856491
156.989,201.087,114.851,144.962,0.0860024
157.773,203.011,114.851,144.962,0.0860878
158.557,204.294,114.851,144.962,0.0811182
158.165,204.935,114.851,144.962,0.0857784
158.557,203.973,114.851,144.962,0.0832335
158.557,197.88,114.851,144.962,0.0877427
158.557,198.2,114.851,144.962,0.0873307
158.557,197.88,114.851,144.962,0.0893068
158.557,197.88,114.851,144.962,0.0852587
158.557,197.88,114.851,144.962,0.0862399
158.557,197.88,114.851,144.962,0.0902642
158.557,197.88,114.851,144.962,0.0889747
158.557,197.88,114.851,144.962,0.0821955
